0111
41 11 2A 

010D
41 0D 00 

0110
41 10 02 AF 

0111
41 11 2B 

010D
41 0D 00 

0110
41 10 03 66 

0111
41 11 2C 

010D
41 0D 01 

0110
41 10 05 62 

0111
41 11 32 

010D
41 0D 05 

0110
41 10 03 8D 

0111
41 11 2B 

010D
41 0D 07 

0110
41 10 03 2E 

0111
41 11 2C 

010D
41 0D 08 

0110
41 10 05 39 

0111
41 11 33 

010D
41 0D 08 

0110
41 10 08 E6 

0111
41 11 30 

010D
41 0D 0B 

0110
41 10 02 D1 

0111
41 11 2B 

010D
41 0D 0C 

0110
41 10 03 2F 

0111
41 11 2B 

010D
41 0D 0B 

0110
41 10 03 47 

0111
41 11 2B 

010D
41 0D 0A 

0110
41 10 03 66 

0111
41 11 2B 

010D
41 0D 0A 

0110
41 10 02 FD 

0111
41 11 2A 

010D
41 0D 0A 

0110
41 10 02 B7 

0111
41 11 2A 

010D
41 0D 0B 

0110
41 10 02 A6 

0111
41 11 2A 

010D
41 0D 0D 

0110
41 10 02 AC 

0111
41 11 2A 

010D
41 0D 0C 

0110
41 10 02 AC 

0111
41 11 2A 

010D
41 0D 0B 

0110
41 10 02 AD 

0111
41 11 2A 

010D
41 0D 09 

0110
41 10 02 A9 

0111
41 11 29 

010D
41 0D 07 

0110
41 10 02 A1 

0111
41 11 29 

010D
41 0D 04 

0110
41 10 02 9E 

0111
41 11 29 

010D
41 0D 00 

0110
41 10 02 A4 

0111
41 11 29 

010D
41 0D 01 

0110
41 10 02 9E 

0111
41 11 29 

010D
41 0D 01 

0110
41 10 02 A1 

0111
41 11 29 

010D
41 0D 01 

0110
41 10 02 9C 

0111
41 11 29 

010D
41 0D 01 

0110
41 10 02 A1 

0111
41 11 29 

010D
41 0D 02 

0110
41 10 02 9E 

0111
41 11 29 

010D
41 0D 01 

0110
41 10 02 96 

0111
41 11 29 

010D
41 0D 01 

0110
41 10 02 9F 

0111
41 11 29 

010D
41 0D 01 

0110
41 10 02 A1 

0111
41 11 29 

010D
41 0D 02 

0110
41 10 02 99 

0111
41 11 29 

010D
41 0D 03 

0110
41 10 02 9E 

0111
41 11 2A 

010D
41 0D 04 

0110
41 10 03 0B 

0111
41 11 2B 

010D
41 0D 05 

0110
41 10 03 24 

0111
41 11 2B 

010D
41 0D 06 

0110
41 10 03 24 

0111
41 11 2A 

010D
41 0D 07 

0110
41 10 02 A3 

0111
41 11 2A 

010D
41 0D 08 

0110
41 10 02 AC 

0111
41 11 2A 

010D
41 0D 09 

0110
41 10 03 11 

0111
41 11 2A 

010D
41 0D 0A 

0110
41 10 02 90 

0111
41 11 29 

010D
41 0D 06 

0110
41 10 02 99 

0111
41 11 29 

010D
41 0D 03 

0110
41 10 02 8D 

0111
41 11 29 

010D
41 0D 01 

0110
41 10 02 8D 

0111
41 11 29 

010D
41 0D 00 

0110
41 10 02 8E 

0111
41 11 29 

010D
41 0D 00 

0110
41 10 02 90 

0111
41 11 29 

010D
41 0D 00 

0110
41 10 02 8D 

0111
41 11 29 

010D
41 0D 00 

0110
41 10 02 8E 

0111
41 11 29 

010D
41 0D 00 

0110
41 10 02 8B 

0111
41 11 29 

010D
41 0D 00 

0110
41 10 02 8B 

0111
41 11 29 

010D
41 0D 00 

0110
41 10 02 8D 

0111
41 11 29 

010D
41 0D 00 

0110
41 10 02 85 

0111
41 11 29 

010D
41 0D 00 

0110
41 10 02 80 

0111
41 11 29 

010D
41 0D 00 

0110
41 10 02 7A 

0111
41 11 29 

010D
41 0D 00 

0110
41 10 02 7A 

0111
41 11 29 

010D
41 0D 00 

0110
41 10 02 7A 

0111
41 11 29 

010D
41 0D 00 

0110
41 10 02 7D 

0111
41 11 29 

010D
41 0D 00 

0110
41 10 02 7A 

0111
41 11 29 

010D
41 0D 00 

0110
41 10 02 77 

0111
41 11 29 

010D
41 0D 00 

0110
41 10 02 77 

0111
41 11 29 

010D
41 0D 00 

0110
41 10 02 71 

0111
41 11 29 

010D
41 0D 00 

0110
41 10 02 75 

0111
41 11 29 

010D
41 0D 00 

0110
41 10 02 72 

0111
41 11 29 

010D
41 0D 00 

0110
41 10 02 6A 

0111
41 11 29 

010D
41 0D 00 

0110
41 10 02 72 

0111
41 11 29 

010D
41 0D 00 

0110
41 10 02 74 

0111
41 11 29 

010D
41 0D 00 

0110
41 10 02 6F 

0111
41 11 29 

010D
41 0D 00 

0110
41 10 02 71 

0111
41 11 29 

010D
41 0D 00 

0110
41 10 02 71 

0111
41 11 29 

010D
41 0D 00 

0110
41 10 02 69 

0111
41 11 29 

010D
41 0D 00 

0110
41 10 02 71 

0111
41 11 29 

010D
41 0D 00 

0110
41 10 02 6C 

0111
41 11 29 

010D
41 0D 01 

0110
41 10 02 DF 

0111
41 11 2A 

010D
41 0D 03 

0110
41 10 03 47 

0111
41 11 2D 

010D
41 0D 05 

0110
41 10 08 4D 

0111
41 11 39 

010D
41 0D 07 

0110
41 10 08 E1 

0111
41 11 38 

010D
41 0D 0A 

0110
41 10 08 F1 

0111
41 11 3C 

010D
41 0D 0C 

0110
41 10 0D 3B 

0111
41 11 43 

010D
41 0D 11 

0110
41 10 0E 25 

0111
41 11 44 

010D
41 0D 17 

0110
41 10 0B A3 

0111
41 11 31 

010D
41 0D 1A 

0110
41 10 02 88 

0111
41 11 29 

010D
41 0D 1A 

0110
41 10 02 74 

0111
41 11 29 

010D
41 0D 19 

0110
41 10 02 72 

0111
41 11 29 

010D
41 0D 16 

0110
41 10 02 6A 

0111
41 11 29 

010D
41 0D 13 

0110
41 10 02 64 

0111
41 11 29 

010D
41 0D 0F 

0110
41 10 02 67 

0111
41 11 29 

010D
41 0D 0B 

0110
41 10 02 62 

0111
41 11 29 

010D
41 0D 08 

0110
41 10 02 61 

0111
41 11 29 

010D
41 0D 06 

0110
41 10 02 67 

0111
41 11 29 

010D
41 0D 04 

0110
41 10 02 5C 

0111
41 11 28 

010D
41 0D 01 

0110
41 10 02 5E 

0111
41 11 28 

010D
41 0D 00 

0110
41 10 02 56 

0111
41 11 28 

010D
41 0D 00 

0110
41 10 02 56 

0111
41 11 28 

010D
41 0D 00 

0110
41 10 02 58 

0111
41 11 29 

010D
41 0D 00 

0110
41 10 02 56 

0111
41 11 28 

010D
41 0D 00 

0110
41 10 02 56 

0111
41 11 28 

010D
41 0D 00 

0110
41 10 02 58 

0111
41 11 28 

010D
41 0D 00 

0110
41 10 02 54 

0111
41 11 28 

010D
41 0D 00 

0110
41 10 02 51 

0111
41 11 28 

010D
41 0D 00 

0110
41 10 02 54 

0111
41 11 28 

010D
41 0D 00 

0110
41 10 02 51 

0111
41 11 28 

010D
41 0D 00 

0110
41 10 02 51 

0111
41 11 28 

010D
41 0D 00 

0110
41 10 02 56 

0111
41 11 28 

010D
41 0D 00 

0110
41 10 02 54 

0111
41 11 28 

010D
41 0D 00 

0110
41 10 02 50 

0111
41 11 28 

010D
41 0D 00 

0110
41 10 02 45 

0111
41 11 28 

010D
41 0D 00 

0110
41 10 02 50 

0111
41 11 28 

010D
41 0D 00 

0110
41 10 02 53 

0111
41 11 28 

010D
41 0D 00 

0110
41 10 02 50 

0111
41 11 28 

010D
41 0D 00 

0110
41 10 02 4D 

0111
41 11 28 

010D
41 0D 00 

0110
41 10 02 54 

0111
41 11 28 

010D
41 0D 00 

0110
41 10 02 4B 

0111
41 11 28 

010D
41 0D 00 

0110
41 10 02 4D 

0111
41 11 28 

010D
41 0D 00 

0110
41 10 02 4B 

0111
41 11 28 

010D
41 0D 00 

0110
41 10 02 48 

0111
41 11 28 

010D
41 0D 00 

0110
41 10 02 53 

0111
41 11 28 

010D
41 0D 00 

0110
41 10 02 50 

0111
41 11 28 

010D
41 0D 00 

0110
41 10 02 48 

0111
41 11 28 

010D
41 0D 00 

0110
41 10 02 48 

0111
41 11 28 

010D
41 0D 00 

0110
41 10 02 48 

0111
41 11 28 

010D
41 0D 00 

0110
41 10 02 4D 

0111
41 11 28 

010D
41 0D 00 

0110
41 10 04 3A 

0111
41 11 33 

010D
41 0D 01 

0110
41 10 08 D8 

0111
41 11 3C 

010D
41 0D 06 

0110
41 10 0A E5 

0111
41 11 3C 

010D
41 0D 0C 

0110
41 10 0C 28 

0111
41 11 44 

010D
41 0D 10 

0110
41 10 0E 8E 

0111
41 11 41 

010D
41 0D 15 

0110
41 10 0C 70 

0111
41 11 3F 

010D
41 0D 19 

0110
41 10 0E 86 

0111
41 11 44 

010D
41 0D 1C 

0110
41 10 0E 3A 

0111
41 11 44 

010D
41 0D 20 

0110
41 10 0E A6 

0111
41 11 44 

010D
41 0D 24 

0110
41 10 13 80 

0111
41 11 53 

010D
41 0D 28 

0110
41 10 14 0E 

0111
41 11 43 

010D
41 0D 2D 

0110
41 10 0C AA 

0111
41 11 3E 

010D
41 0D 2F 

0110
41 10 02 75 

0111
41 11 28 

010D
41 0D 2E 

0110
41 10 02 5F 

0111
41 11 28 

010D
41 0D 29 

0110
41 10 02 48 

0111
41 11 28 

010D
41 0D 21 

0110
41 10 02 4E 

0111
41 11 28 

010D
41 0D 1B 

0110
41 10 02 48 

0111
41 11 28 

010D
41 0D 16 

0110
41 10 02 42 

0111
41 11 28 

010D
41 0D 11 

0110
41 10 02 38 

0111
41 11 28 

010D
41 0D 0C 

0110
41 10 02 3B 

0111
41 11 28 

010D
41 0D 07 

0110
41 10 02 35 

0111
41 11 28 

010D
41 0D 03 

0110
41 10 02 2D 

0111
41 11 28 

010D
41 0D 00 

0110
41 10 02 30 

0111
41 11 28 

010D
41 0D 00 

0110
41 10 02 32 

0111
41 11 28 

010D
41 0D 00 

0110
41 10 02 2F 

0111
41 11 28 

010D
41 0D 00 

0110
41 10 02 2D 

0111
41 11 28 

010D
41 0D 00 

0110
41 10 02 35 

0111
41 11 28 

010D
41 0D 00 

0110
41 10 02 2D 

0111
41 11 28 

010D
41 0D 00 

0110
41 10 02 2A 

0111
41 11 28 

010D
41 0D 00 

0110
41 10 02 2D 

0111
41 11 28 

010D
41 0D 00 

0110
41 10 02 26 

0111
41 11 28 

010D
41 0D 00 

0110
41 10 02 2A 

0111
41 11 28 

010D
41 0D 00 

0110
41 10 02 2A 

0111
41 11 28 

010D
41 0D 00 

0110
41 10 02 21 

0111
41 11 28 

010D
41 0D 00 

0110
41 10 02 2C 

0111
41 11 28 

010D
41 0D 00 

0110
41 10 02 1C 

0111
41 11 28 

010D
41 0D 00 

0110
41 10 02 26 

0111
41 11 28 

010D
41 0D 00 

0110
41 10 02 24 

0111
41 11 28 

010D
41 0D 00 

0110
41 10 02 16 

0111
41 11 27 

010D
41 0D 00 

0110
41 10 02 1F 

0111
41 11 27 

010D
41 0D 00 

0110
41 10 02 21 

0111
41 11 27 

010D
41 0D 00 

0110
41 10 02 24 

0111
41 11 27 

010D
41 0D 00 

0110
41 10 02 1F 

0111
41 11 28 

010D
41 0D 00 

0110
41 10 02 1E 

0111
41 11 27 

010D
41 0D 00 

0110
41 10 02 0E 

0111
41 11 27 

010D
41 0D 00 

0110
41 10 02 22 

0111
41 11 27 

010D
41 0D 00 

0110
41 10 02 22 

0111
41 11 27 

010D
41 0D 00 

0110
41 10 02 1C 

0111
41 11 27 

010D
41 0D 00 

0110
41 10 02 1B 

0111
41 11 27 

010D
41 0D 00 

0110
41 10 02 19 

0111
41 11 27 

010D
41 0D 00 

0110
41 10 02 10 

0111
41 11 27 

010D
41 0D 00 

0110
41 10 02 19 

0111
41 11 27 

010D
41 0D 00 

0110
41 10 03 05 

0111
41 11 35 

010D
41 0D 01 

0110
41 10 08 8E 

0111
41 11 3B 

010D
41 0D 07 

0110
41 10 0B 18 

0111
41 11 3D 

010D
41 0D 0D 

0110
41 10 0B AE 

0111
41 11 3E 

010D
41 0D 12 

0110
41 10 0B A9 

0111
41 11 3E 

010D
41 0D 16 

0110
41 10 0B BF 

0111
41 11 3E 

010D
41 0D 1A 

0110
41 10 0B D1 

0111
41 11 3D 

010D
41 0D 1D 

0110
41 10 0B 30 

0111
41 11 3D 

010D
41 0D 20 

0110
41 10 0B 63 

0111
41 11 3D 

010D
41 0D 23 

0110
41 10 0B 7F 

0111
41 11 3D 

010D
41 0D 25 

0110
41 10 0B A9 

0111
41 11 3D 

010D
41 0D 27 

0110
41 10 0B 86 

0111
41 11 3A 

010D
41 0D 29 

0110
41 10 09 D0 

0111
41 11 3A 

010D
41 0D 2B 

0110
41 10 06 52 

0111
41 11 2D 

010D
41 0D 2C 

0110
41 10 02 7A 

0111
41 11 2B 

010D
41 0D 2C 

0110
41 10 06 8B 

0111
41 11 32 

010D
41 0D 2B 

0110
41 10 05 AD 

0111
41 11 30 

010D
41 0D 2C 

0110
41 10 02 2F 

0111
41 11 27 

010D
41 0D 2C 

0110
41 10 02 1E 

0111
41 11 27 

010D
41 0D 2B 

0110
41 10 02 19 

0111
41 11 27 

010D
41 0D 28 

0110
41 10 02 13 

0111
41 11 27 

010D
41 0D 25 

0110
41 10 02 10 

0111
41 11 27 

010D
41 0D 20 

0110
41 10 02 0E 

0111
41 11 27 

010D
41 0D 1B 

0110
41 10 02 08 

0111
41 11 27 

010D
41 0D 18 

0110
41 10 02 03 

0111
41 11 27 

010D
41 0D 17 

0110
41 10 02 06 

0111
41 11 27 

010D
41 0D 14 

0110
41 10 01 F8 

0111
41 11 27 

010D
41 0D 11 

0110
41 10 01 FA 

0111
41 11 27 

010D
41 0D 10 

0110
41 10 02 02 

0111
41 11 27 

010D
41 0D 10 

0110
41 10 06 52 

0111
41 11 35 

010D
41 0D 10 

0110
41 10 08 8E 

0111
41 11 39 

010D
41 0D 12 

0110
41 10 09 48 

0111
41 11 39 

010D
41 0D 15 

0110
41 10 03 56 

0111
41 11 2C 

010D
41 0D 17 

0110
41 10 08 AF 

0111
41 11 38 

010D
41 0D 18 

0110
41 10 08 D6 

0111
41 11 38 

010D
41 0D 1A 

0110
41 10 0A 39 

0111
41 11 41 

010D
41 0D 1C 

0110
41 10 08 FA 

0111
41 11 38 

010D
41 0D 1F 

0110
41 10 05 28 

0111
41 11 28 

010D
41 0D 20 

0110
41 10 02 0E 

0111
41 11 27 

010D
41 0D 1F 

0110
41 10 02 05 

0111
41 11 27 

010D
41 0D 1E 

0110
41 10 01 FA 

0111
41 11 27 

010D
41 0D 1C 

0110
41 10 0F 31 

0111
41 11 66 

010D
41 0D 1E 

0110
41 10 13 A2 

0111
41 11 64 

010D
41 0D 22 

0110
41 10 13 AA 

0111
41 11 61 

010D
41 0D 26 

0110
41 10 13 6F 

0111
41 11 5E 

010D
41 0D 2A 

0110
41 10 13 EC 

0111
41 11 62 

010D
41 0D 2D 

0110
41 10 16 72 

0111
41 11 6D 

010D
41 0D 31 

0110
41 10 15 3D 

0111
41 11 5B 

010D
41 0D 35 

0110
41 10 12 2A 

0111
41 11 4C 

010D
41 0D 38 

0110
41 10 0A 48 

0111
41 11 3A 

010D
41 0D 39 

0110
41 10 09 9B 

0111
41 11 2F 

010D
41 0D 3A 

0110
41 10 05 92 

0111
41 11 30 

010D
41 0D 3B 

0110
41 10 06 E0 

0111
41 11 33 

010D
41 0D 3B 

0110
41 10 06 C3 

0111
41 11 33 

010D
41 0D 3C 

0110
41 10 01 E4 

0111
41 11 26 

010D
41 0D 3A 

0110
41 10 01 EF 

0111
41 11 26 

010D
41 0D 32 

0110
41 10 01 E1 

0111
41 11 26 

010D
41 0D 2B 

0110
41 10 01 DF 

0111
41 11 26 

010D
41 0D 25 

0110
41 10 01 D9 

0111
41 11 26 

010D
41 0D 1E 

0110
41 10 01 D0 

0111
41 11 26 

010D
41 0D 17 

0110
41 10 01 CB 

0111
41 11 26 

010D
41 0D 10 

0110
41 10 01 C5 

0111
41 11 26 

010D
41 0D 0A 

0110
41 10 01 C0 

0111
41 11 26 

010D
41 0D 05 

0110
41 10 01 BD 

0111
41 11 26 

010D
41 0D 00 

0110
41 10 01 BB 

0111
41 11 26 

010D
41 0D 00 

0110
41 10 01 B7 

0111
41 11 26 

010D
41 0D 00 

0110
41 10 01 B7 

0111
41 11 26 

010D
41 0D 00 

0110
41 10 01 B7 

0111
41 11 26 

010D
41 0D 00 

0110
41 10 01 B3 

0111
41 11 26 

010D
41 0D 00 

0110
41 10 01 B7 

0111
41 11 26 

010D
41 0D 00 

0110
41 10 01 B5 

0111
41 11 26 

010D
41 0D 00 

0110
41 10 01 B7 

0111
41 11 26 

010D
41 0D 00 

0110
41 10 01 B2 

0111
41 11 26 

010D
41 0D 00 

0110
41 10 01 B2 

0111
41 11 26 

010D
41 0D 00 

0110
41 10 01 B3 

0111
41 11 26 

010D
41 0D 00 

0110
41 10 01 AF 

0111
41 11 26 

010D
41 0D 00 

0110
41 10 01 B0 

0111
41 11 26 

010D
41 0D 00 

0110
41 10 01 B2 

0111
41 11 26 

010D
41 0D 00 

0110
41 10 01 AD 

0111
41 11 26 

010D
41 0D 00 

0110
41 10 01 A9 

0111
41 11 26 

010D
41 0D 00 

0110
41 10 01 A9 

0111
41 11 26 

010D
41 0D 00 

0110
41 10 01 B2 

0111
41 11 26 

010D
41 0D 00 

0110
41 10 01 AC 

0111
41 11 26 

010D
41 0D 00 

0110
41 10 01 A5 

0111
41 11 26 

010D
41 0D 00 

0110
41 10 01 A9 

0111
41 11 26 

010D
41 0D 00 

0110
41 10 01 AF 

0111
41 11 26 

010D
41 0D 00 

0110
41 10 01 A9 

0111
41 11 26 

010D
41 0D 00 

0110
41 10 01 A5 

0111
41 11 26 

010D
41 0D 00 

0110
41 10 01 A4 

0111
41 11 26 

010D
41 0D 00 

0110
41 10 01 A5 

0111
41 11 26 

010D
41 0D 00 

0110
41 10 01 A5 

0111
41 11 26 

010D
41 0D 00 

0110
41 10 01 A1 

0111
41 11 26 

010D
41 0D 00 

0110
41 10 01 A9 

0111
41 11 26 

010D
41 0D 00 

0110
41 10 01 A5 

0111
41 11 26 

010D
41 0D 00 

0110
41 10 01 A7 

0111
41 11 25 

010D
41 0D 00 

0110
41 10 06 D2 

0111
41 11 37 

010D
41 0D 01 

0110
41 10 09 3D 

0111
41 11 3D 

010D
41 0D 07 

0110
41 10 0B EE 

0111
41 11 3F 

010D
41 0D 0E 

0110
41 10 0F 05 

0111
41 11 48 

010D
41 0D 13 

0110
41 10 10 4F 

0111
41 11 49 

010D
41 0D 19 

0110
41 10 11 3F 

0111
41 11 49 

010D
41 0D 1D 

0110
41 10 12 C7 

0111
41 11 49 

010D
41 0D 22 

0110
41 10 10 B7 

0111
41 11 49 

010D
41 0D 26 

0110
41 10 11 62 

0111
41 11 49 

010D
41 0D 2A 

0110
41 10 16 10 

0111
41 11 57 

010D
41 0D 2E 

0110
41 10 14 27 

0111
41 11 45 

010D
41 0D 32 

0110
41 10 0E B4 

0111
41 11 37 

010D
41 0D 33 

0110
41 10 09 87 

0111
41 11 31 

010D
41 0D 34 

0110
41 10 01 CE 

0111
41 11 25 

010D
41 0D 33 

0110
41 10 01 C9 

0111
41 11 25 

010D
41 0D 32 

0110
41 10 01 C6 

0111
41 11 25 

010D
41 0D 2F 

0110
41 10 01 C0 

0111
41 11 25 

010D
41 0D 2C 

0110
41 10 01 B7 

0111
41 11 25 

010D
41 0D 29 

0110
41 10 01 B5 

0111
41 11 25 

010D
41 0D 23 

0110
41 10 01 B7 

0111
41 11 25 

010D
41 0D 1D 

0110
41 10 01 F4 

0111
41 11 26 

010D
41 0D 19 

0110
41 10 01 FE 

0111
41 11 27 

010D
41 0D 18 

0110
41 10 08 9C 

0111
41 11 4F 

010D
41 0D 19 

0110
41 10 12 39 

0111
41 11 6E 

010D
41 0D 1C 

0110
41 10 15 34 

0111
41 11 77 

010D
41 0D 21 

0110
41 10 17 74 

0111
41 11 85 

010D
41 0D 27 

0110
41 10 1A 2C 

0111
41 11 7F 

010D
41 0D 2C 

0110
41 10 1A C6 

0111
41 11 7C 

010D
41 0D 31 

0110
41 10 1C BC 

0111
41 11 7B 

010D
41 0D 36 

0110
41 10 1D A6 

0111
41 11 7B 

010D
41 0D 3B 

0110
41 10 1F C7 

0111
41 11 78 

010D
41 0D 3F 

0110
41 10 21 BB 

0111
41 11 78 

010D
41 0D 44 

0110
41 10 24 2B 

0111
41 11 77 

010D
41 0D 48 

0110
41 10 26 CB 

0111
41 11 76 

010D
41 0D 4E 

0110
41 10 2C 4F 

0111
41 11 C9 

010D
41 0D 53 

0110
41 10 2E 2C 

0111
41 11 C9 

010D
41 0D 59 

0110
41 10 31 78 

0111
41 11 C9 

010D
41 0D 5E 

0110
41 10 35 35 

0111
41 11 C9 

010D
41 0D 64 

0110
41 10 36 4A 

0111
41 11 C9 

010D
41 0D 69 

0110
41 10 3A 42 

0111
41 11 C9 

010D
41 0D 6E 

0110
41 10 3B 27 

0111
41 11 C9 

010D
41 0D 73 

0110
41 10 12 6A 

0111
41 11 26 

010D
41 0D 73 

0110
41 10 01 FA 

0111
41 11 25 

010D
41 0D 72 

0110
41 10 01 F5 

0111
41 11 25 

010D
41 0D 71 

0110
41 10 01 E4 

0111
41 11 25 

010D
41 0D 6F 

0110
41 10 01 DC 

0111
41 11 25 

010D
41 0D 6D 

0110
41 10 01 E1 

0111
41 11 25 

010D
41 0D 6B 

0110
41 10 01 DE 

0111
41 11 25 

010D
41 0D 69 

0110
41 10 01 D7 

0111
41 11 25 

010D
41 0D 67 

0110
41 10 01 D6 

0111
41 11 25 

010D
41 0D 65 

0110
41 10 01 D7 

0111
41 11 25 

010D
41 0D 64 

0110
41 10 01 D7 

0111
41 11 25 

010D
41 0D 62 

0110
41 10 01 D3 

0111
41 11 30 

010D
41 0D 60 

0110
41 10 0C 07 

0111
41 11 3C 

010D
41 0D 60 

0110
41 10 0B D7 

0111
41 11 3C 

010D
41 0D 61 

0110
41 10 08 8E 

0111
41 11 35 

010D
41 0D 60 

0110
41 10 08 0E 

0111
41 11 34 

010D
41 0D 60 

0110
41 10 07 30 

0111
41 11 38 

010D
41 0D 60 

0110
41 10 09 A6 

0111
41 11 38 

010D
41 0D 60 

0110
41 10 09 A0 

0111
41 11 38 

010D
41 0D 60 

0110
41 10 09 80 

0111
41 11 38 

010D
41 0D 5F 

0110
41 10 09 90 

0111
41 11 38 

010D
41 0D 5F 

0110
41 10 09 96 

0111
41 11 36 

010D
41 0D 5F 

0110
41 10 08 8E 

0111
41 11 36 

010D
41 0D 5F 

0110
41 10 08 93 

0111
41 11 36 

010D
41 0D 5F 

0110
41 10 08 9C 

0111
41 11 36 

010D
41 0D 5F 

0110
41 10 08 9C 

0111
41 11 36 

010D
41 0D 5F 

0110
41 10 08 89 

0111
41 11 36 

010D
41 0D 5F 

0110
41 10 08 98 

0111
41 11 36 

010D
41 0D 5E 

0110
41 10 09 3D 

0111
41 11 37 

010D
41 0D 5F 

0110
41 10 09 CA 

0111
41 11 40 

010D
41 0D 5F 

0110
41 10 13 0B 

0111
41 11 50 

010D
41 0D 60 

0110
41 10 12 F9 

0111
41 11 4E 

010D
41 0D 62 

0110
41 10 13 33 

0111
41 11 4E 

010D
41 0D 63 

0110
41 10 01 E9 

0111
41 11 25 

010D
41 0D 62 

0110
41 10 01 E1 

0111
41 11 25 

010D
41 0D 61 

0110
41 10 01 EF 

0111
41 11 26 

010D
41 0D 5F 

0110
41 10 01 E5 

0111
41 11 2F 

010D
41 0D 5E 

0110
41 10 07 1D 

0111
41 11 33 

010D
41 0D 5D 

0110
41 10 07 1D 

0111
41 11 32 

010D
41 0D 5D 

0110
41 10 06 E0 

0111
41 11 32 

010D
41 0D 5C 

0110
41 10 01 D3 

0111
41 11 25 

010D
41 0D 5B 

0110
41 10 02 21 

0111
41 11 36 

010D
41 0D 5A 

0110
41 10 09 7C 

0111
41 11 38 

010D
41 0D 5A 

0110
41 10 0E 4E 

0111
41 11 40 

010D
41 0D 5B 

0110
41 10 08 59 

0111
41 11 36 

010D
41 0D 5B 

0110
41 10 09 29 

0111
41 11 37 

010D
41 0D 5B 

0110
41 10 0A 93 

0111
41 11 45 

010D
41 0D 5C 

0110
41 10 0F B1 

0111
41 11 45 

010D
41 0D 5D 

0110
41 10 0F C7 

0111
41 11 45 

010D
41 0D 5E 

0110
41 10 0F D6 

0111
41 11 45 

010D
41 0D 5E 

0110
41 10 0F E6 

0111
41 11 49 

010D
41 0D 5F 

0110
41 10 12 CF 

0111
41 11 4D 

010D
41 0D 5F 

0110
41 10 0C 35 

0111
41 11 3D 

010D
41 0D 5F 

0110
41 10 0C 83 

0111
41 11 3D 

010D
41 0D 5F 

0110
41 10 02 99 

0111
41 11 25 

010D
41 0D 5D 

0110
41 10 01 D4 

0111
41 11 2E 

010D
41 0D 5B 

0110
41 10 0A 0F 

0111
41 11 39 

010D
41 0D 5B 

0110
41 10 01 E7 

0111
41 11 25 

010D
41 0D 5A 

0110
41 10 02 91 

0111
41 11 36 

010D
41 0D 59 

0110
41 10 0C AA 

0111
41 11 3E 

010D
41 0D 5A 

0110
41 10 06 9A 

0111
41 11 2A 

010D
41 0D 5A 

0110
41 10 03 F9 

0111
41 11 2E 

010D
41 0D 5A 

0110
41 10 04 E2 

0111
41 11 2F 

010D
41 0D 5A 

0110
41 10 04 61 

0111
41 11 25 

010D
41 0D 5A 

0110
41 10 01 D1 

0111
41 11 25 

010D
41 0D 59 

0110
41 10 01 C6 

0111
41 11 24 

010D
41 0D 58 

0110
41 10 06 6D 

0111
41 11 3B 

010D
41 0D 59 

0110
41 10 08 54 

0111
41 11 30 

010D
41 0D 59 

0110
41 10 06 6A 

0111
41 11 32 

010D
41 0D 5A 

0110
41 10 06 D4 

0111
41 11 32 

010D
41 0D 5A 

0110
41 10 07 1D 

0111
41 11 36 

010D
41 0D 5A 

0110
41 10 0E 78 

0111
41 11 35 

010D
41 0D 5A 

0110
41 10 07 27 

0111
41 11 33 

010D
41 0D 5A 

0110
41 10 06 C0 

0111
41 11 26 

010D
41 0D 5A 

0110
41 10 01 D4 

0111
41 11 25 

010D
41 0D 58 

0110
41 10 01 C9 

0111
41 11 24 

010D
41 0D 57 

0110
41 10 01 A9 

0111
41 11 25 

010D
41 0D 55 

0110
41 10 0C 7C 

0111
41 11 3E 

010D
41 0D 56 

0110
41 10 0C 63 

0111
41 11 3E 

010D
41 0D 56 

0110
41 10 07 88 

0111
41 11 35 

010D
41 0D 57 

0110
41 10 08 54 

0111
41 11 36 

010D
41 0D 57 

0110
41 10 08 6D 

0111
41 11 36 

010D
41 0D 57 

0110
41 10 08 30 

0111
41 11 35 

010D
41 0D 57 

0110
41 10 08 70 

0111
41 11 36 

010D
41 0D 57 

0110
41 10 08 85 

0111
41 11 36 

010D
41 0D 57 

0110
41 10 0B 34 

0111
41 11 42 

010D
41 0D 58 

0110
41 10 05 4C 

0111
41 11 2B 

010D
41 0D 58 

0110
41 10 05 B8 

0111
41 11 31 

010D
41 0D 58 

0110
41 10 06 7E 

0111
41 11 32 

010D
41 0D 57 

0110
41 10 04 3D 

0111
41 11 2F 

010D
41 0D 57 

0110
41 10 05 82 

0111
41 11 30 

010D
41 0D 56 

0110
41 10 06 1A 

0111
41 11 31 

010D
41 0D 56 

0110
41 10 06 52 

0111
41 11 31 

010D
41 0D 56 

0110
41 10 05 EA 

0111
41 11 30 

010D
41 0D 55 

0110
41 10 07 5C 

0111
41 11 3B 

010D
41 0D 55 

0110
41 10 05 73 

0111
41 11 31 

010D
41 0D 55 

0110
41 10 03 67 

0111
41 11 2E 

010D
41 0D 55 

0110
41 10 04 C1 

0111
41 11 2F 

010D
41 0D 54 

0110
41 10 05 97 

0111
41 11 30 

010D
41 0D 54 

0110
41 10 05 F9 

0111
41 11 31 

010D
41 0D 54 

0110
41 10 07 46 

0111
41 11 3B 

010D
41 0D 54 

0110
41 10 0B F4 

0111
41 11 37 

010D
41 0D 54 

0110
41 10 07 CE 

0111
41 11 35 

010D
41 0D 54 

0110
41 10 08 19 

0111
41 11 30 

010D
41 0D 54 

0110
41 10 06 47 

0111
41 11 32 

010D
41 0D 54 

0110
41 10 0C 6A 

0111
41 11 3F 

010D
41 0D 55 

0110
41 10 0C 01 

0111
41 11 30 

010D
41 0D 55 

0110
41 10 06 79 

0111
41 11 32 

010D
41 0D 55 

0110
41 10 06 FD 

0111
41 11 33 

010D
41 0D 55 

0110
41 10 07 5F 

0111
41 11 29 

010D
41 0D 55 

0110
41 10 04 D7 

0111
41 11 2F 

010D
41 0D 54 

0110
41 10 05 B0 

0111
41 11 30 

010D
41 0D 54 

0110
41 10 06 20 

0111
41 11 31 

010D
41 0D 54 

0110
41 10 06 2D 

0111
41 11 31 

010D
41 0D 54 

0110
41 10 06 72 

0111
41 11 32 

010D
41 0D 54 

0110
41 10 01 EA 

0111
41 11 26 

010D
41 0D 53 

0110
41 10 02 D9 

0111
41 11 2B 

010D
41 0D 52 

0110
41 10 03 CD 

0111
41 11 30 

010D
41 0D 51 

0110
41 10 0E 78 

0111
41 11 43 

010D
41 0D 52 

0110
41 10 0B 29 

0111
41 11 30 

010D
41 0D 52 

0110
41 10 06 1A 

0111
41 11 31 

010D
41 0D 52 

0110
41 10 06 3C 

0111
41 11 31 

010D
41 0D 52 

0110
41 10 06 86 

0111
41 11 32 

010D
41 0D 52 

0110
41 10 04 9B 

0111
41 11 25 

010D
41 0D 51 

0110
41 10 01 C8 

0111
41 11 25 

010D
41 0D 50 

0110
41 10 01 C0 

0111
41 11 25 

010D
41 0D 4E 

0110
41 10 01 BB 

0111
41 11 33 

010D
41 0D 4E 

0110
41 10 0F 32 

0111
41 11 45 

010D
41 0D 4F 

0110
41 10 06 4A 

0111
41 11 32 

010D
41 0D 4F 

0110
41 10 05 9F 

0111
41 11 25 

010D
41 0D 4E 

0110
41 10 01 C9 

0111
41 11 25 

010D
41 0D 4D 

0110
41 10 01 BB 

0111
41 11 25 

010D
41 0D 4D 

0110
41 10 01 B8 

0111
41 11 25 

010D
41 0D 4B 

0110
41 10 01 B8 

0111
41 11 25 

010D
41 0D 4A 

0110
41 10 01 BA 

0111
41 11 25 

010D
41 0D 49 

0110
41 10 01 B8 

0111
41 11 25 

010D
41 0D 48 

0110
41 10 01 B2 

0111
41 11 25 

010D
41 0D 47 

0110
41 10 01 B3 

0111
41 11 25 

010D
41 0D 46 

0110
41 10 01 BD 

0111
41 11 25 

010D
41 0D 45 

0110
41 10 01 B5 

0111
41 11 25 

010D
41 0D 44 

0110
41 10 01 B2 

0111
41 11 25 

010D
41 0D 41 

0110
41 10 01 AD 

0111
41 11 25 

010D
41 0D 3E 

0110
41 10 01 BB 

0111
41 11 25 

010D
41 0D 3D 

0110
41 10 01 C0 

0111
41 11 31 

010D
41 0D 3C 

0110
41 10 09 B5 

0111
41 11 3C 

010D
41 0D 3C 

0110
41 10 0E B4 

0111
41 11 49 

010D
41 0D 3D 

0110
41 10 0F F4 

0111
41 11 3B 

010D
41 0D 3F 

0110
41 10 09 6C 

0111
41 11 39 

010D
41 0D 40 

0110
41 10 09 5C 

0111
41 11 39 

010D
41 0D 41 

0110
41 10 0A 61 

0111
41 11 43 

010D
41 0D 42 

0110
41 10 0D D7 

0111
41 11 55 

010D
41 0D 44 

0110
41 10 12 97 

0111
41 11 51 

010D
41 0D 46 

0110
41 10 06 AB 

0111
41 11 25 

010D
41 0D 47 

0110
41 10 01 C5 

0111
41 11 25 

010D
41 0D 46 

0110
41 10 08 A1 

0111
41 11 48 

010D
41 0D 46 

0110
41 10 0F BA 

0111
41 11 45 

010D
41 0D 48 

0110
41 10 0C A3 

0111
41 11 3F 

010D
41 0D 49 

0110
41 10 08 EC 

0111
41 11 36 

010D
41 0D 4A 

0110
41 10 08 BF 

0111
41 11 38 

010D
41 0D 4B 

0110
41 10 03 C5 

0111
41 11 2F 

010D
41 0D 4B 

0110
41 10 05 A2 

0111
41 11 31 

010D
41 0D 4B 

0110
41 10 06 40 

0111
41 11 36 

010D
41 0D 4B 

0110
41 10 0D 2D 

0111
41 11 42 

010D
41 0D 4C 

0110
41 10 09 05 

0111
41 11 3D 

010D
41 0D 4D 

0110
41 10 0E AC 

0111
41 11 47 

010D
41 0D 4F 

0110
41 10 0A E5 

0111
41 11 3C 

010D
41 0D 4F 

0110
41 10 09 58 

0111
41 11 37 

010D
41 0D 50 

0110
41 10 07 68 

0111
41 11 35 

010D
41 0D 51 

0110
41 10 08 5F 

0111
41 11 36 

010D
41 0D 51 

0110
41 10 08 89 

0111
41 11 2F 

010D
41 0D 51 

0110
41 10 01 B8 

0111
41 11 25 

010D
41 0D 50 

0110
41 10 01 C0 

0111
41 11 25 

010D
41 0D 4F 

0110
41 10 01 9A 

0111
41 11 25 

010D
41 0D 4E 

0110
41 10 06 D4 

0111
41 11 39 

010D
41 0D 4E 

0110
41 10 07 33 

0111
41 11 34 

010D
41 0D 4E 

0110
41 10 06 A7 

0111
41 11 30 

010D
41 0D 4E 

0110
41 10 07 ED 

0111
41 11 3C 

010D
41 0D 4E 

0110
41 10 0E 13 

0111
41 11 36 

010D
41 0D 4F 

0110
41 10 08 7B 

0111
41 11 37 

010D
41 0D 50 

0110
41 10 06 AB 

0111
41 11 34 

010D
41 0D 50 

0110
41 10 07 53 

0111
41 11 35 

010D
41 0D 50 

0110
41 10 0B 86 

0111
41 11 42 

010D
41 0D 51 

0110
41 10 05 97 

0111
41 11 30 

010D
41 0D 51 

0110
41 10 06 9F 

0111
41 11 2D 

010D
41 0D 51 

0110
41 10 05 BE 

0111
41 11 31 

010D
41 0D 51 

0110
41 10 06 52 

0111
41 11 29 

010D
41 0D 51 

0110
41 10 01 C6 

0111
41 11 25 

010D
41 0D 50 

0110
41 10 01 C3 

0111
41 11 25 

010D
41 0D 4E 

0110
41 10 01 BD 

0111
41 11 25 

010D
41 0D 4D 

0110
41 10 01 B7 

0111
41 11 25 

010D
41 0D 4C 

0110
41 10 01 BD 

0111
41 11 25 

010D
41 0D 4B 

0110
41 10 09 9C 

0111
41 11 46 

010D
41 0D 4C 

0110
41 10 09 F2 

0111
41 11 2C 

010D
41 0D 4C 

0110
41 10 05 2D 

0111
41 11 30 

010D
41 0D 4C 

0110
41 10 0E 27 

0111
41 11 46 

010D
41 0D 4D 

0110
41 10 06 F3 

0111
41 11 36 

010D
41 0D 4D 

0110
41 10 08 EC 

0111
41 11 2B 

010D
41 0D 4D 

0110
41 10 04 AB 

0111
41 11 36 

010D
41 0D 4D 

0110
41 10 0C 1C 

0111
41 11 40 

010D
41 0D 4F 

0110
41 10 0C 51 

0111
41 11 40 

010D
41 0D 50 

0110
41 10 0C 43 

0111
41 11 40 

010D
41 0D 51 

0110
41 10 0C 7C 

0111
41 11 40 

010D
41 0D 52 

0110
41 10 0C 78 

0111
41 11 40 

010D
41 0D 53 

0110
41 10 0C 78 

0111
41 11 3F 

010D
41 0D 54 

0110
41 10 0C 9D 

0111
41 11 3F 

010D
41 0D 55 

0110
41 10 0C AA 

0111
41 11 3F 

010D
41 0D 56 

0110
41 10 0C A3 

0111
41 11 3F 

010D
41 0D 56 

0110
41 10 0C AA 

0111
41 11 3F 

010D
41 0D 56 

0110
41 10 0C B0 

0111
41 11 3F 

010D
41 0D 57 

0110
41 10 0C B8 

0111
41 11 3F 

010D
41 0D 57 

0110
41 10 09 38 

0111
41 11 26 

010D
41 0D 56 

0110
41 10 01 D6 

0111
41 11 25 

010D
41 0D 54 

0110
41 10 09 F9 

0111
41 11 50 

010D
41 0D 53 

0110
41 10 11 F0 

0111
41 11 39 

010D
41 0D 54 

0110
41 10 0B 3B 

0111
41 11 48 

010D
41 0D 53 

0110
41 10 0E 5B 

0111
41 11 44 

010D
41 0D 54 

0110
41 10 0E 1F 

0111
41 11 36 

010D
41 0D 54 

0110
41 10 09 AB 

0111
41 11 3A 

010D
41 0D 53 

0110
41 10 09 D6 

0111
41 11 30 

010D
41 0D 53 

0110
41 10 05 D4 

0111
41 11 32 

010D
41 0D 51 

0110
41 10 06 E0 

0111
41 11 33 

010D
41 0D 51 

0110
41 10 07 75 

0111
41 11 3A 

010D
41 0D 51 

0110
41 10 0F 0E 

0111
41 11 49 

010D
41 0D 52 

0110
41 10 09 05 

0111
41 11 39 

010D
41 0D 53 

0110
41 10 09 7C 

0111
41 11 39 

010D
41 0D 53 

0110
41 10 09 C5 

0111
41 11 3A 

010D
41 0D 53 

0110
41 10 0A 55 

0111
41 11 3B 

010D
41 0D 54 

0110
41 10 0A 7D 

0111
41 11 3B 

010D
41 0D 54 

0110
41 10 0F 14 

0111
41 11 8B 

010D
41 0D 56 

0110
41 10 19 A2 

0111
41 11 88 

010D
41 0D 58 

0110
41 10 1A EF 

0111
41 11 7F 

010D
41 0D 5B 

0110
41 10 1B 21 

0111
41 11 7E 

010D
41 0D 5D 

0110
41 10 1B 5C 

0111
41 11 7C 

010D
41 0D 5F 

0110
41 10 1B 9B 

0111
41 11 33 

010D
41 0D 61 

0110
41 10 01 C9 

0111
41 11 25 

010D
41 0D 60 

0110
41 10 01 D0 

0111
41 11 25 

010D
41 0D 5F 

0110
41 10 01 D0 

0111
41 11 26 

010D
41 0D 5D 

0110
41 10 01 D0 

0111
41 11 25 

010D
41 0D 5C 

0110
41 10 01 C5 

0111
41 11 25 

010D
41 0D 5B 

0110
41 10 01 BB 

0111
41 11 25 

010D
41 0D 5A 

0110
41 10 01 B2 

0111
41 11 25 

010D
41 0D 59 

0110
41 10 01 A9 

0111
41 11 25 

010D
41 0D 58 

0110
41 10 06 1D 

0111
41 11 3C 

010D
41 0D 58 

0110
41 10 05 97 

0111
41 11 30 

010D
41 0D 57 

0110
41 10 05 97 

0111
41 11 30 

010D
41 0D 57 

0110
41 10 12 65 

0111
41 11 4A 

010D
41 0D 59 

0110
41 10 10 48 

0111
41 11 48 

010D
41 0D 5A 

0110
41 10 01 C5 

0111
41 11 25 

010D
41 0D 5A 

0110
41 10 01 CE 

0111
41 11 25 

010D
41 0D 58 

0110
41 10 01 AD 

0111
41 11 24 

010D
41 0D 57 

0110
41 10 01 A4 

0111
41 11 24 

010D
41 0D 56 

0110
41 10 01 A5 

0111
41 11 24 

010D
41 0D 55 

0110
41 10 01 9A 

0111
41 11 24 

010D
41 0D 54 

0110
41 10 01 A1 

0111
41 11 24 

010D
41 0D 52 

0110
41 10 01 9A 

0111
41 11 24 

010D
41 0D 51 

0110
41 10 01 A5 

0111
41 11 24 

010D
41 0D 50 

0110
41 10 01 A9 

0111
41 11 24 

010D
41 0D 4F 

0110
41 10 01 BB 

0111
41 11 25 

010D
41 0D 4E 

0110
41 10 01 B5 

0111
41 11 25 

010D
41 0D 4D 

0110
41 10 01 BB 

0111
41 11 25 

010D
41 0D 4C 

0110
41 10 01 B7 

0111
41 11 25 

010D
41 0D 4B 

0110
41 10 01 B7 

0111
41 11 25 

010D
41 0D 4A 

0110
41 10 01 BE 

0111
41 11 25 

010D
41 0D 49 

0110
41 10 01 B7 

0111
41 11 25 

010D
41 0D 49 

0110
41 10 01 B5 

0111
41 11 25 

010D
41 0D 48 

0110
41 10 01 B2 

0111
41 11 25 

010D
41 0D 47 

0110
41 10 01 B0 

0111
41 11 25 

010D
41 0D 46 

0110
41 10 01 AF 

0111
41 11 25 

010D
41 0D 46 

0110
41 10 01 AF 

0111
41 11 25 

010D
41 0D 45 

0110
41 10 01 AF 

0111
41 11 25 

010D
41 0D 44 

0110
41 10 01 AC 

0111
41 11 25 

010D
41 0D 43 

0110
41 10 01 A7 

0111
41 11 25 

010D
41 0D 42 

0110
41 10 01 AD 

0111
41 11 25 

010D
41 0D 40 

0110
41 10 01 AC 

0111
41 11 25 

010D
41 0D 3C 

0110
41 10 01 A4 

0111
41 11 27 

010D
41 0D 37 

0110
41 10 01 9F 

0111
41 11 25 

010D
41 0D 33 

0110
41 10 01 A2 

0111
41 11 25 

010D
41 0D 2F 

0110
41 10 01 A4 

0111
41 11 25 

010D
41 0D 29 

0110
41 10 01 9E 

0111
41 11 25 

010D
41 0D 22 

0110
41 10 01 9C 

0111
41 11 25 

010D
41 0D 1B 

0110
41 10 01 96 

0111
41 11 25 

010D
41 0D 15 

0110
41 10 01 93 

0111
41 11 25 

010D
41 0D 10 

0110
41 10 01 93 

0111
41 11 25 

010D
41 0D 0B 

0110
41 10 01 93 

0111
41 11 25 

010D
41 0D 07 

0110
41 10 01 94 

0111
41 11 25 

010D
41 0D 06 

0110
41 10 01 93 

0111
41 11 25 

010D
41 0D 06 

0110
41 10 01 96 

0111
41 11 25 

010D
41 0D 06 

0110
41 10 01 97 

0111
41 11 25 

010D
41 0D 06 

0110
41 10 01 94 

0111
41 11 25 

010D
41 0D 04 

0110
41 10 01 93 

0111
41 11 25 

010D
41 0D 03 

0110
41 10 01 90 

0111
41 11 25 

010D
41 0D 02 

0110
41 10 01 91 

0111
41 11 25 

010D
41 0D 00 

0110
41 10 01 93 

0111
41 11 25 

010D
41 0D 00 

0110
41 10 01 96 

0111
41 11 25 

010D
41 0D 00 

0110
41 10 03 21 

0111
41 11 2C 

010D
41 0D 01 

0110
41 10 06 CC 

0111
41 11 34 

010D
41 0D 04 

0110
41 10 06 0A 

0111
41 11 31 

010D
41 0D 09 

0110
41 10 06 9F 

0111
41 11 2E 

010D
41 0D 0C 

0110
41 10 04 6E 

0111
41 11 2E 

010D
41 0D 0E 

0110
41 10 07 CE 

0111
41 11 36 

010D
41 0D 10 

0110
41 10 07 E4 

0111
41 11 36 

010D
41 0D 12 

0110
41 10 08 5E 

0111
41 11 37 

010D
41 0D 16 

0110
41 10 08 0E 

0111
41 11 38 

010D
41 0D 19 

0110
41 10 07 C5 

0111
41 11 34 

010D
41 0D 1B 

0110
41 10 09 D0 

0111
41 11 3A 

010D
41 0D 1E 

0110
41 10 04 37 

0111
41 11 2E 

010D
41 0D 1F 

0110
41 10 04 9E 

0111
41 11 32 

010D
41 0D 20 

0110
41 10 09 05 

0111
41 11 39 

010D
41 0D 22 

0110
41 10 03 2C 

0111
41 11 2C 

010D
41 0D 23 

0110
41 10 04 2C 

0111
41 11 3C 

010D
41 0D 24 

0110
41 10 0A 44 

0111
41 11 32 

010D
41 0D 27 

0110
41 10 05 CD 

0111
41 11 31 

010D
41 0D 28 

0110
41 10 0B 3B 

0111
41 11 3E 

010D
41 0D 2A 

0110
41 10 06 72 

0111
41 11 32 

010D
41 0D 2C 

0110
41 10 06 92 

0111
41 11 33 

010D
41 0D 2D 

0110
41 10 06 59 

0111
41 11 42 

010D
41 0D 2E 

0110
41 10 0E 25 

0111
41 11 41 

010D
41 0D 31 

0110
41 10 09 F9 

0111
41 11 3B 

010D
41 0D 32 

0110
41 10 0F EF 

0111
41 11 50 

010D
41 0D 35 

0110
41 10 09 A0 

0111
41 11 35 

010D
41 0D 37 

0110
41 10 07 94 

0111
41 11 35 

010D
41 0D 38 

0110
41 10 03 6C 

0111
41 11 2C 

010D
41 0D 38 

0110
41 10 04 AB 

0111
41 11 43 

010D
41 0D 38 

0110
41 10 03 13 

0111
41 11 2B 

010D
41 0D 39 

0110
41 10 03 A1 

0111
41 11 2C 

010D
41 0D 39 

0110
41 10 03 B6 

0111
41 11 2C 

010D
41 0D 39 

0110
41 10 02 C3 

0111
41 11 25 

010D
41 0D 39 

0110
41 10 01 B2 

0111
41 11 26 

010D
41 0D 38 

0110
41 10 08 F1 

0111
41 11 38 

010D
41 0D 38 

0110
41 10 02 CA 

0111
41 11 2A 

010D
41 0D 38 

0110
41 10 0B 41 

0111
41 11 3E 

010D
41 0D 39 

0110
41 10 04 E9 

0111
41 11 2F 

010D
41 0D 3A 

0110
41 10 03 16 

0111
41 11 2B 

010D
41 0D 3A 

0110
41 10 03 75 

0111
41 11 2C 

010D
41 0D 39 

0110
41 10 0A 9A 

0111
41 11 3F 

010D
41 0D 3A 

0110
41 10 05 05 

0111
41 11 2D 

010D
41 0D 3B 

0110
41 10 04 28 

0111
41 11 2E 

010D
41 0D 3B 

0110
41 10 04 52 

0111
41 11 2E 

010D
41 0D 3B 

0110
41 10 02 7D 

0111
41 11 28 

010D
41 0D 3B 

0110
41 10 02 C0 

0111
41 11 2A 

010D
41 0D 3A 

0110
41 10 10 76 

0111
41 11 47 

010D
41 0D 3C 

0110
41 10 05 34 

0111
41 11 2D 

010D
41 0D 3D 

0110
41 10 08 AC 

0111
41 11 3A 

010D
41 0D 3D 

0110
41 10 09 38 

0111
41 11 3A 

010D
41 0D 3E 

0110
41 10 09 19 

0111
41 11 3A 

010D
41 0D 3F 

0110
41 10 09 3D 

0111
41 11 3A 

010D
41 0D 40 

0110
41 10 01 D1 

0111
41 11 25 

010D
41 0D 40 

0110
41 10 01 BB 

0111
41 11 2E 

010D
41 0D 3F 

0110
41 10 09 D6 

0111
41 11 3A 

010D
41 0D 40 

0110
41 10 09 AF 

0111
41 11 3F 

010D
41 0D 41 

0110
41 10 05 86 

0111
41 11 30 

010D
41 0D 41 

0110
41 10 05 D1 

0111
41 11 31 

010D
41 0D 42 

0110
41 10 05 5F 

0111
41 11 2C 

010D
41 0D 42 

0110
41 10 04 16 

0111
41 11 2D 

010D
41 0D 41 

0110
41 10 04 3F 

0111
41 11 2E 

010D
41 0D 41 

0110
41 10 04 84 

0111
41 11 2E 

010D
41 0D 41 

0110
41 10 04 93 

0111
41 11 2C 

010D
41 0D 41 

0110
41 10 03 B9 

0111
41 11 2D 

010D
41 0D 40 

0110
41 10 04 1A 

0111
41 11 30 

010D
41 0D 40 

0110
41 10 0A C1 

0111
41 11 3E 

010D
41 0D 41 

0110
41 10 05 8C 

0111
41 11 31 

010D
41 0D 42 

0110
41 10 06 25 

0111
41 11 32 

010D
41 0D 42 

0110
41 10 01 A9 

0111
41 11 25 

010D
41 0D 41 

0110
41 10 01 B5 

0111
41 11 25 

010D
41 0D 41 

0110
41 10 01 B2 

0111
41 11 25 

010D
41 0D 40 

0110
41 10 01 B5 

0111
41 11 25 

010D
41 0D 3F 

0110
41 10 01 B0 

0111
41 11 25 

010D
41 0D 3E 

0110
41 10 01 AD 

0111
41 11 25 

010D
41 0D 3D 

0110
41 10 01 AC 

0111
41 11 25 

010D
41 0D 3C 

0110
41 10 01 B0 

0111
41 11 25 

010D
41 0D 3C 

0110
41 10 01 AC 

0111
41 11 25 

010D
41 0D 39 

0110
41 10 01 AC 

0111
41 11 25 

010D
41 0D 36 

0110
41 10 01 A9 

0111
41 11 25 

010D
41 0D 33 

0110
41 10 01 A7 

0111
41 11 25 

010D
41 0D 2E 

0110
41 10 01 A2 

0111
41 11 25 

010D
41 0D 29 

0110
41 10 01 A2 

0111
41 11 25 

010D
41 0D 24 

0110
41 10 01 9C 

0111
41 11 25 

010D
41 0D 1F 

0110
41 10 01 9E 

0111
41 11 25 

010D
41 0D 1C 

0110
41 10 01 9C 

0111
41 11 25 

010D
41 0D 18 

0110
41 10 01 9A 

0111
41 11 25 

010D
41 0D 12 

0110
41 10 01 96 

0111
41 11 25 

010D
41 0D 0C 

0110
41 10 01 9C 

0111
41 11 25 

010D
41 0D 05 

0110
41 10 01 97 

0111
41 11 25 

010D
41 0D 01 

0110
41 10 01 99 

0111
41 11 25 

010D
41 0D 00 

0110
41 10 01 96 

0111
41 11 25 

010D
41 0D 00 

0110
41 10 01 97 

0111
41 11 25 

010D
41 0D 00 

0110
41 10 01 96 

0111
41 11 25 

010D
41 0D 00 

0110
41 10 01 9A 

0111
41 11 25 

010D
41 0D 00 

0110
41 10 01 9C 

0111
41 11 25 

010D
41 0D 00 

0110
41 10 01 9F 

0111
41 11 25 

010D
41 0D 00 

0110
41 10 01 A2 

0111
41 11 25 

010D
41 0D 00 

0110
41 10 01 9F 

0111
41 11 26 

010D
41 0D 00 

0110
41 10 01 A1 

0111
41 11 26 

010D
41 0D 00 

0110
41 10 01 9F 

0111
41 11 26 

010D
41 0D 00 

0110
41 10 01 A2 

0111
41 11 26 

010D
41 0D 00 

0110
41 10 01 A4 

0111
41 11 26 

010D
41 0D 00 

0110
41 10 01 A2 

0111
41 11 26 

010D
41 0D 00 

0110
41 10 01 A2 

0111
41 11 26 

010D
41 0D 00 

0110
41 10 01 A2 

0111
41 11 26 

010D
41 0D 00 

0110
41 10 01 9F 

0111
41 11 26 

010D
41 0D 00 

0110
41 10 01 A1 

0111
41 11 26 

010D
41 0D 00 

0110
41 10 01 9F 

0111
41 11 26 

010D
41 0D 00 

0110
41 10 01 9E 

0111
41 11 26 

010D
41 0D 00 

0110
41 10 01 9E 

0111
41 11 26 

010D
41 0D 00 

0110
41 10 01 9E 

0111
41 11 26 

010D
41 0D 00 

0110
41 10 01 9A 

0111
41 11 26 

010D
41 0D 00 

0110
41 10 01 9E 

0111
41 11 26 

010D
41 0D 00 

0110
41 10 01 9C 

0111
41 11 26 

010D
41 0D 00 

0110
41 10 01 9C 

0111
41 11 26 

010D
41 0D 00 

0110
41 10 01 9E 

0111
41 11 26 

010D
41 0D 00 

0110
41 10 01 9A 

0111
41 11 26 

010D
41 0D 00 

0110
41 10 01 9A 

0111
41 11 25 

010D
41 0D 00 

0110
41 10 01 9C 

0111
41 11 26 

010D
41 0D 00 

0110
41 10 01 9C 

0111
41 11 26 

010D
41 0D 00 

0110
41 10 01 9A 

0111
41 11 26 

010D
41 0D 00 

0110
41 10 01 9A 

0111
41 11 26 

010D
41 0D 00 

0110
41 10 01 9C 

0111
41 11 26 

010D
41 0D 00 

0110
41 10 01 9A 

0111
41 11 26 

010D
41 0D 00 

0110
41 10 01 9A 

0111
41 11 26 

010D
41 0D 00 

0110
41 10 01 9C 

0111
41 11 26 

010D
41 0D 00 

0110
41 10 01 9A 

0111
41 11 25 

010D
41 0D 00 

0110
41 10 01 9A 

0111
41 11 25 

010D
41 0D 00 

0110
41 10 01 9A 

0111
41 11 25 

010D
41 0D 00 

0110
41 10 01 9A 

0111
41 11 25 

010D
41 0D 00 

0110
41 10 01 9A 

0111
41 11 25 

010D
41 0D 00 

0110
41 10 01 9A 

0111
41 11 25 

010D
41 0D 00 

0110
41 10 01 99 

0111
41 11 25 

010D
41 0D 00 

0110
41 10 01 99 

0111
41 11 25 

010D
41 0D 00 

0110
41 10 01 9C 

0111
41 11 25 

010D
41 0D 00 

0110
41 10 01 9A 

0111
41 11 26 

010D
41 0D 00 

0110
41 10 01 99 

0111
41 11 25 

010D
41 0D 00 

0110
41 10 01 9A 

0111
41 11 25 

010D
41 0D 00 

0110
41 10 01 9A 

0111
41 11 25 

010D
41 0D 00 

0110
41 10 01 97 

0111
41 11 25 

010D
41 0D 00 

0110
41 10 01 9A 

0111
41 11 25 

010D
41 0D 00 

0110
41 10 06 72 

0111
41 11 34 

010D
41 0D 01 

0110
41 10 06 D9 

0111
41 11 39 

010D
41 0D 06 

0110
41 10 0B BC 

0111
41 11 3F 

010D
41 0D 0E 

0110
41 10 0C 3E 

0111
41 11 3F 

010D
41 0D 13 

0110
41 10 0B 9F 

0111
41 11 3D 

010D
41 0D 18 

0110
41 10 09 D6 

0111
41 11 33 

010D
41 0D 1A 

0110
41 10 07 7A 

0111
41 11 35 

010D
41 0D 1C 

0110
41 10 0B 42 

0111
41 11 3F 

010D
41 0D 1E 

0110
41 10 03 DD 

0111
41 11 2E 

010D
41 0D 20 

0110
41 10 0D 91 

0111
41 11 43 

010D
41 0D 22 

0110
41 10 0C C0 

0111
41 11 40 

010D
41 0D 25 

0110
41 10 0B 9F 

0111
41 11 34 

010D
41 0D 28 

0110
41 10 07 41 

0111
41 11 35 

010D
41 0D 29 

0110
41 10 07 7A 

0111
41 11 35 

010D
41 0D 2A 

0110
41 10 0C 38 

0111
41 11 49 

010D
41 0D 2C 

0110
41 10 0F 16 

0111
41 11 48 

010D
41 0D 2E 

0110
41 10 08 9C 

0111
41 11 39 

010D
41 0D 30 

0110
41 10 08 C8 

0111
41 11 39 

010D
41 0D 31 

0110
41 10 09 67 

0111
41 11 3C 

010D
41 0D 33 

0110
41 10 0A 0F 

0111
41 11 3C 

010D
41 0D 34 

0110
41 10 09 AB 

0111
41 11 3C 

010D
41 0D 35 

0110
41 10 09 90 

0111
41 11 38 

010D
41 0D 37 

0110
41 10 08 77 

0111
41 11 39 

010D
41 0D 38 

0110
41 10 08 80 

0111
41 11 39 

010D
41 0D 39 

0110
41 10 08 93 

0111
41 11 39 

010D
41 0D 3A 

0110
41 10 08 AF 

0111
41 11 3A 

010D
41 0D 3B 

0110
41 10 08 B4 

0111
41 11 39 

010D
41 0D 3C 

0110
41 10 08 B8 

0111
41 11 3A 

010D
41 0D 3D 

0110
41 10 07 9E 

0111
41 11 37 

010D
41 0D 3E 

0110
41 10 08 62 

0111
41 11 38 

010D
41 0D 3F 

0110
41 10 02 64 

0111
41 11 25 

010D
41 0D 3F 

0110
41 10 01 B5 

0111
41 11 25 

010D
41 0D 3E 

0110
41 10 01 B5 

0111
41 11 30 

010D
41 0D 3D 

0110
41 10 0A 66 

0111
41 11 3B 

010D
41 0D 3D 

0110
41 10 09 F9 

0111
41 11 38 

010D
41 0D 3E 

0110
41 10 01 91 

0111
41 11 28 

010D
41 0D 3E 

0110
41 10 01 AC 

0111
41 11 25 

010D
41 0D 3D 

0110
41 10 01 B8 

0111
41 11 25 

010D
41 0D 3C 

0110
41 10 01 A7 

0111
41 11 25 

010D
41 0D 3B 

0110
41 10 01 A7 

0111
41 11 25 

010D
41 0D 3A 

0110
41 10 01 A2 

0111
41 11 2F 

010D
41 0D 39 

0110
41 10 07 0C 

0111
41 11 34 

010D
41 0D 39 

0110
41 10 03 61 

0111
41 11 26 

010D
41 0D 39 

0110
41 10 05 33 

0111
41 11 39 

010D
41 0D 39 

0110
41 10 03 DD 

0111
41 11 2E 

010D
41 0D 39 

0110
41 10 04 E6 

0111
41 11 2F 

010D
41 0D 39 

0110
41 10 0C 09 

0111
41 11 40 

010D
41 0D 39 

0110
41 10 05 73 

0111
41 11 31 

010D
41 0D 3A 

0110
41 10 0A E6 

0111
41 11 3D 

010D
41 0D 3A 

0110
41 10 0A BC 

0111
41 11 3D 

010D
41 0D 3B 

0110
41 10 08 19 

0111
41 11 34 

010D
41 0D 3C 

0110
41 10 07 61 

0111
41 11 39 

010D
41 0D 3C 

0110
41 10 11 FB 

0111
41 11 5F 

010D
41 0D 3E 

0110
41 10 14 5C 

0111
41 11 59 

010D
41 0D 40 

0110
41 10 0F 58 

0111
41 11 42 

010D
41 0D 42 

0110
41 10 08 0E 

0111
41 11 36 

010D
41 0D 42 

0110
41 10 08 4D 

0111
41 11 37 

010D
41 0D 42 

0110
41 10 01 A7 

0111
41 11 25 

010D
41 0D 42 

0110
41 10 01 BA 

0111
41 11 25 

010D
41 0D 40 

0110
41 10 01 BA 

0111
41 11 25 

010D
41 0D 3E 

0110
41 10 01 B5 

0111
41 11 25 

010D
41 0D 3A 

0110
41 10 01 B2 

0111
41 11 25 

010D
41 0D 34 

0110
41 10 01 AC 

0111
41 11 25 

010D
41 0D 2D 

0110
41 10 01 A7 

0111
41 11 25 

010D
41 0D 28 

0110
41 10 01 AC 

0111
41 11 26 

010D
41 0D 27 

0110
41 10 01 DC 

0111
41 11 26 

010D
41 0D 25 

0110
41 10 01 A5 

0111
41 11 25 

010D
41 0D 24 

0110
41 10 01 9C 

0111
41 11 25 

010D
41 0D 24 

0110
41 10 01 9E 

0111
41 11 25 

010D
41 0D 22 

0110
41 10 01 9A 

0111
41 11 25 

010D
41 0D 1D 

0110
41 10 01 99 

0111
41 11 25 

010D
41 0D 19 

0110
41 10 01 94 

0111
41 11 25 

010D
41 0D 14 

0110
41 10 01 93 

0111
41 11 25 

010D
41 0D 0E 

0110
41 10 01 96 

0111
41 11 25 

010D
41 0D 08 

0110
41 10 01 8E 

0111
41 11 25 

010D
41 0D 03 

0110
41 10 01 8C 

0111
41 11 25 

010D
41 0D 02 

0110
41 10 01 8E 

0111
41 11 25 

010D
41 0D 00 

0110
41 10 01 90 

0111
41 11 25 

010D
41 0D 00 

0110
41 10 01 8E 

0111
41 11 25 

010D
41 0D 00 

0110
41 10 01 8E 

0111
41 11 25 

010D
41 0D 00 

0110
41 10 01 91 

0111
41 11 25 

010D
41 0D 00 

0110
41 10 01 91 

0111
41 11 25 

010D
41 0D 00 

0110
41 10 01 94 

0111
41 11 25 

010D
41 0D 00 

0110
41 10 01 93 

0111
41 11 25 

010D
41 0D 01 

0110
41 10 03 8E 

0111
41 11 34 

010D
41 0D 02 

0110
41 10 06 AD 

0111
41 11 38 

010D
41 0D 07 

0110
41 10 0B 58 

0111
41 11 3F 

010D
41 0D 0E 

0110
41 10 0B BF 

0111
41 11 3E 

010D
41 0D 13 

0110
41 10 0A B7 

0111
41 11 31 

010D
41 0D 17 

0110
41 10 05 D4 

0111
41 11 31 

010D
41 0D 19 

0110
41 10 07 AA 

0111
41 11 3D 

010D
41 0D 1B 

0110
41 10 0B AB 

0111
41 11 3F 

010D
41 0D 1E 

0110
41 10 0B D8 

0111
41 11 3F 

010D
41 0D 21 

0110
41 10 07 6D 

0111
41 11 36 

010D
41 0D 23 

0110
41 10 0D B2 

0111
41 11 43 

010D
41 0D 25 

0110
41 10 0C 8C 

0111
41 11 3F 

010D
41 0D 27 

0110
41 10 01 AD 

0111
41 11 25 

010D
41 0D 27 

0110
41 10 01 B7 

0111
41 11 25 

010D
41 0D 25 

0110
41 10 01 B8 

0111
41 11 3C 

010D
41 0D 25 

0110
41 10 0F E1 

0111
41 11 53 

010D
41 0D 26 

0110
41 10 0B 58 

0111
41 11 3E 

010D
41 0D 29 

0110
41 10 0B 13 

0111
41 11 3D 

010D
41 0D 2B 

0110
41 10 03 C4 

0111
41 11 2E 

010D
41 0D 2C 

0110
41 10 04 E6 

0111
41 11 2F 

010D
41 0D 2C 

0110
41 10 04 F4 

0111
41 11 2F 

010D
41 0D 2D 

0110
41 10 04 CA 

0111
41 11 25 

010D
41 0D 2D 

0110
41 10 01 BD 

0111
41 11 25 

010D
41 0D 2B 

0110
41 10 01 B0 

0111
41 11 25 

010D
41 0D 29 

0110
41 10 01 A9 

0111
41 11 25 

010D
41 0D 2A 

0110
41 10 01 A7 

0111
41 11 25 

010D
41 0D 2A 

0110
41 10 02 51 

0111
41 11 3E 

010D
41 0D 2B 

0110
41 10 07 2B 

0111
41 11 34 

010D
41 0D 2D 

0110
41 10 06 D4 

0111
41 11 34 

010D
41 0D 2F 

0110
41 10 06 C7 

0111
41 11 34 

010D
41 0D 31 

0110
41 10 06 E0 

0111
41 11 2B 

010D
41 0D 33 

0110
41 10 01 AC 

0111
41 11 25 

010D
41 0D 33 

0110
41 10 01 B3 

0111
41 11 25 

010D
41 0D 32 

0110
41 10 01 B0 

0111
41 11 25 

010D
41 0D 32 

0110
41 10 01 AC 

0111
41 11 25 

010D
41 0D 30 

0110
41 10 01 AC 

0111
41 11 25 

010D
41 0D 2D 

0110
41 10 01 A2 

0111
41 11 25 

010D
41 0D 2A 

0110
41 10 01 A7 

0111
41 11 25 

010D
41 0D 27 

0110
41 10 01 9F 

0111
41 11 25 

010D
41 0D 23 

0110
41 10 01 9E 

0111
41 11 25 

010D
41 0D 1E 

0110
41 10 01 9C 

0111
41 11 25 

010D
41 0D 19 

0110
41 10 01 9C 

0111
41 11 25 

010D
41 0D 14 

0110
41 10 01 99 

0111
41 11 25 

010D
41 0D 0E 

0110
41 10 01 96 

0111
41 11 25 

010D
41 0D 09 

0110
41 10 01 94 

0111
41 11 25 

010D
41 0D 05 

0110
41 10 01 93 

0111
41 11 25 

010D
41 0D 01 

0110
41 10 01 91 

0111
41 11 25 

010D
41 0D 00 

0110
41 10 01 93 

0111
41 11 25 

010D
41 0D 00 

0110
41 10 01 93 

0111
41 11 25 

010D
41 0D 00 

0110
41 10 01 93 

0111
41 11 25 

010D
41 0D 00 

0110
41 10 01 96 

0111
41 11 25 

010D
41 0D 00 

0110
41 10 01 96 

0111
41 11 25 

010D
41 0D 00 

0110
41 10 01 96 

0111
41 11 25 

010D
41 0D 00 

0110
41 10 01 96 

0111
41 11 25 

010D
41 0D 00 

0110
41 10 01 97 

0111
41 11 25 

010D
41 0D 00 

0110
41 10 01 96 

0111
41 11 25 

010D
41 0D 00 

0110
41 10 01 96 

0111
41 11 25 

010D
41 0D 00 

0110
41 10 01 96 

0111
41 11 25 

010D
41 0D 00 

0110
41 10 01 96 

0111
41 11 25 

010D
41 0D 00 

0110
41 10 01 96 

0111
41 11 25 

010D
41 0D 00 

0110
41 10 01 94 

0111
41 11 25 

010D
41 0D 00 

0110
41 10 01 96 

0111
41 11 25 

010D
41 0D 00 

0110
41 10 01 96 

0111
41 11 25 

010D
41 0D 00 

0110
41 10 01 96 

0111
41 11 25 

010D
41 0D 00 

0110
41 10 01 96 

0111
41 11 25 

010D
41 0D 00 

0110
41 10 01 96 

0111
41 11 25 

010D
41 0D 00 

0110
41 10 01 97 

0111
41 11 25 

010D
41 0D 00 

0110
41 10 01 96 

0111
41 11 25 

010D
41 0D 00 

0110
41 10 01 94 

0111
41 11 25 

010D
41 0D 00 

0110
41 10 01 93 

0111
41 11 25 

010D
41 0D 00 

0110
41 10 01 93 

0111
41 11 25 

010D
41 0D 00 

0110
41 10 01 93 

0111
41 11 25 

010D
41 0D 00 

0110
41 10 01 93 

0111
41 11 25 

010D
41 0D 00 

0110
41 10 01 91 

0111
41 11 25 

010D
41 0D 00 

0110
41 10 01 93 

0111
41 11 25 

010D
41 0D 00 

0110
41 10 01 93 

0111
41 11 25 

010D
41 0D 00 

0110
41 10 01 91 

0111
41 11 25 

010D
41 0D 00 

0110
41 10 01 90 

0111
41 11 25 

010D
41 0D 00 

0110
41 10 01 90 

0111
41 11 25 

010D
41 0D 00 

0110
41 10 01 8E 

0111
41 11 25 

010D
41 0D 00 

0110
41 10 01 90 

0111
41 11 25 

010D
41 0D 00 

0110
41 10 01 91 

0111
41 11 25 

010D
41 0D 00 

0110
41 10 01 91 

0111
41 11 25 

010D
41 0D 00 

0110
41 10 01 91 

0111
41 11 25 

010D
41 0D 00 

0110
41 10 01 91 

0111
41 11 25 

010D
41 0D 00 

0110
41 10 01 91 

0111
41 11 25 

010D
41 0D 00 

0110
41 10 01 91 

0111
41 11 25 

010D
41 0D 00 

0110
41 10 01 8E 

0111
41 11 25 

010D
41 0D 00 

0110
41 10 01 8C 

0111
41 11 25 

010D
41 0D 00 

0110
41 10 01 90 

0111
41 11 25 

010D
41 0D 00 

0110
41 10 01 8E 

0111
41 11 25 

010D
41 0D 00 

0110
41 10 01 8B 

0111
41 11 25 

010D
41 0D 00 

0110
41 10 01 8C 

0111
41 11 25 

010D
41 0D 00 

0110
41 10 01 8E 

0111
41 11 25 

010D
41 0D 00 

0110
41 10 01 90 

0111
41 11 25 

010D
41 0D 00 

0110
41 10 01 91 

0111
41 11 25 

010D
41 0D 00 

0110
41 10 01 8C 

0111
41 11 25 

010D
41 0D 00 

0110
41 10 01 8C 

0111
41 11 25 

010D
41 0D 00 

0110
41 10 01 8E 

0111
41 11 25 

010D
41 0D 00 

0110
41 10 01 8C 

0111
41 11 25 

010D
41 0D 00 

0110
41 10 01 8E 

0111
41 11 25 

010D
41 0D 00 

0110
41 10 01 8E 

0111
41 11 25 

010D
41 0D 00 

0110
41 10 01 8E 

0111
41 11 25 

010D
41 0D 00 

0110
41 10 01 8E 

0111
41 11 25 

010D
41 0D 00 

0110
41 10 01 8C 

0111
41 11 25 

010D
41 0D 00 

0110
41 10 01 8C 

0111
41 11 25 

010D
41 0D 00 

0110
41 10 01 8E 

0111
41 11 25 

010D
41 0D 00 

0110
41 10 01 8C 

0111
41 11 25 

010D
41 0D 00 

0110
41 10 01 8C 

0111
41 11 25 

010D
41 0D 00 

0110
41 10 01 8C 

0111
41 11 25 

010D
41 0D 00 

0110
41 10 01 8E 

0111
41 11 25 

010D
41 0D 00 

0110
41 10 01 90 

0111
41 11 25 

010D
41 0D 00 

0110
41 10 01 8C 

0111
41 11 25 

010D
41 0D 00 

0110
41 10 01 8C 

0111
41 11 25 

010D
41 0D 00 

0110
41 10 01 8E 

0111
41 11 25 

010D
41 0D 00 

0110
41 10 01 8E 

0111
41 11 25 

010D
41 0D 00 

0110
41 10 01 91 

0111
41 11 36 

010D
41 0D 01 

0110
41 10 07 CB 

0111
41 11 36 

010D
41 0D 05 

0110
41 10 05 FC 

0111
41 11 32 

010D
41 0D 0B 

0110
41 10 09 61 

0111
41 11 3C 

010D
41 0D 0E 

0110
41 10 0C A5 

0111
41 11 41 

010D
41 0D 13 

0110
41 10 09 3D 

0111
41 11 38 

010D
41 0D 17 

0110
41 10 08 35 

0111
41 11 36 

010D
41 0D 19 

0110
41 10 08 51 

0111
41 11 36 

010D
41 0D 1B 

0110
41 10 08 3A 

0111
41 11 37 

010D
41 0D 1D 

0110
41 10 08 E1 

0111
41 11 3F 

010D
41 0D 1F 

0110
41 10 10 D0 

0111
41 11 59 

010D
41 0D 24 

0110
41 10 14 D4 

0111
41 11 59 

010D
41 0D 29 

0110
41 10 06 8B 

0111
41 11 26 

010D
41 0D 2C 

0110
41 10 01 CC 

0111
41 11 25 

010D
41 0D 2B 

0110
41 10 01 BA 

0111
41 11 25 

010D
41 0D 2B 

0110
41 10 01 B5 

0111
41 11 25 

010D
41 0D 2A 

0110
41 10 01 AD 

0111
41 11 25 

010D
41 0D 29 

0110
41 10 01 AF 

0111
41 11 25 

010D
41 0D 29 

0110
41 10 01 A9 

0111
41 11 25 

010D
41 0D 28 

0110
41 10 01 AA 

0111
41 11 25 

010D
41 0D 28 

0110
41 10 01 A4 

0111
41 11 25 

010D
41 0D 27 

0110
41 10 01 A4 

0111
41 11 25 

010D
41 0D 25 

0110
41 10 01 A2 

0111
41 11 25 

010D
41 0D 21 

0110
41 10 01 9E 

0111
41 11 25 

010D
41 0D 1D 

0110
41 10 01 9F 

0111
41 11 25 

010D
41 0D 19 

0110
41 10 01 99 

0111
41 11 25 

010D
41 0D 14 

0110
41 10 01 96 

0111
41 11 25 

010D
41 0D 0F 

0110
41 10 01 96 

0111
41 11 25 

010D
41 0D 0A 

0110
41 10 01 96 

0111
41 11 25 

010D
41 0D 07 

0110
41 10 01 93 

0111
41 11 25 

010D
41 0D 04 

0110
41 10 01 91 

0111
41 11 25 

010D
41 0D 02 

0110
41 10 01 8E 

0111
41 11 25 

010D
41 0D 00 

0110
41 10 01 90 

0111
41 11 25 

010D
41 0D 00 

0110
41 10 01 91 

0111
41 11 25 

010D
41 0D 00 

0110
41 10 01 91 

0111
41 11 25 

010D
41 0D 00 

0110
41 10 01 90 

0111
41 11 25 

010D
41 0D 00 

0110
41 10 01 93 

0111
41 11 25 

010D
41 0D 00 

0110
41 10 01 91 

0111
41 11 25 

010D
41 0D 00 

0110
41 10 01 91 

0111
41 11 25 

010D
41 0D 00 

0110
41 10 01 8C 

0111
41 11 25 

010D
41 0D 00 

0110
41 10 01 8E 

0111
41 11 25 

010D
41 0D 00 

0110
41 10 01 91 

0111
41 11 25 

010D
41 0D 00 

0110
41 10 01 8C 

0111
41 11 25 

010D
41 0D 00 

0110
41 10 01 8E 

0111
41 11 25 

010D
41 0D 00 

0110
41 10 01 8C 

0111
41 11 25 

010D
41 0D 00 

0110
41 10 01 8C 

0111
41 11 25 

010D
41 0D 00 

0110
41 10 01 8C 

0111
41 11 25 

010D
41 0D 00 

0110
41 10 01 8C 

0111
41 11 25 

010D
41 0D 00 

0110
41 10 01 8B 

0111
41 11 25 

010D
41 0D 00 

0110
41 10 01 8B 

0111
41 11 25 

010D
41 0D 00 

0110
41 10 01 8C 

0111
41 11 25 

010D
41 0D 00 

0110
41 10 01 8C 

0111
41 11 25 

010D
41 0D 00 

0110
41 10 01 89 

0111
41 11 25 

010D
41 0D 00 

0110
41 10 01 89 

0111
41 11 25 

010D
41 0D 00 

0110
41 10 01 88 

0111
41 11 25 

010D
41 0D 01 

0110
41 10 06 B0 

0111
41 11 39 

010D
41 0D 02 

0110
41 10 0C 57 

0111
41 11 42 

010D
41 0D 0B 

0110
41 10 0C 52 

0111
41 11 3F 

010D
41 0D 12 

0110
41 10 0B F8 

0100
41 00 BF 9F B9 90

*0101 - good
*41 01 00 07 65 00

*03 - good
*43 00 00 00 00 00 00

*03 - vvt unplugged
*43 16 56 00 00 00 00

*0101 - vvt unlugged
*41 01 81 07 65 00
